
In [1]: import json

In [2]: with open('train_sceneGraphs.json', 'r') as f:
   ...:     sg = json.load(f)
   ...:     

In [3]: a = set()

In [4]: for k in sg:
   ...:     w = sg[k]['width']
   ...:     h = sg[k]['height']
   ...:     for o in sg[k]['objects']:
   ...:         obj = sg[k]['objects'][o]
   ...:         x1 = obj['x']
   ...:         y1 = obj['y']
   ...:         x2 = obj['w'] + x1
   ...:         y2 = obj['h'] + y1
   ...:         if x1 == 0 or y1 == 0 or x2 == w or y2 == h:
   ...:             a.add((w,h,x1,y1,x2,y2))
   ...:             

In [5]: a
Out[5]: 
{(850, 567, 123, 351, 850, 567),
 (374, 500, 242, 253, 374, 297),
 (500, 374, 0, 61, 499, 373),
 (500, 333, 364, 117, 499, 333),
 (500, 337, 0, 68, 500, 275),
 (500, 333, 167, 297, 224, 333),
 (500, 238, 0, 1, 501, 68),
 (500, 375, 0, 2, 499, 73),
 (500, 333, 184, 0, 365, 89),
 (500, 316, 3, 216, 500, 311),
 (500, 318, 276, 121, 500, 166),
 (500, 361, 420, 3, 500, 335),
 (331, 500, 0, 0, 330, 95),
 (500, 483, 420, 171, 500, 482),
 (500, 375, 0, 288, 75, 357),
 (500, 333, 118, 198, 433, 333),
 (334, 500, 1, 471, 334, 499),
 (500, 375, 0, 259, 381, 373),
 (334, 500, 0, 178, 71, 327),
 (334, 500, 0, 66, 258, 500),
 (500, 375, 0, 59, 90, 158),
 (500, 281, 0, 228, 251, 281),
 (500, 250, 0, 56, 38, 117),
 (500, 296, 471, 0, 494, 295),
 (768, 1024, 0, 788, 767, 1021),
 (500, 333, 0, 167, 305, 199),
 (500, 342, 435, 0, 466, 200),
 (375, 500, 1, 0, 125, 331),
 (500, 375, 0, 0, 91, 99),
 (364, 500, 0, 150, 364, 500),
 (374, 500, 211, 0, 282, 282),
 (500, 375, 0, 150, 86, 282),
 (500, 333, 227, 0, 499, 197),
 (671, 992, 0, 400, 425, 992),
 (500, 399, 0, 0, 497, 397),
 (500, 375, 62, 0, 188, 66),
 (500, 375, 0, 128, 110, 374),
 (500, 375, 1, 278, 96, 375),
 (500, 375, 0, 1, 498, 301),
 (500, 375, 96, 0, 213, 213),
 (375, 500, 355, 157, 375, 188),
 (333, 500, 0, 3, 218, 99),
 (500, 334, 137, 0, 339, 177),
 (333, 500, 0, 270, 193, 439),
 (500, 375, 0, 82, 500, 375),
 (500, 418, 0, 0, 277, 209),
 (375, 500, 0, 375, 269, 498),
 (375, 500, 225, 247, 375, 422),
 (500, 333, 0, 37, 500, 282),
 (500, 375, 0, 209, 141, 374),
 (500, 330, 346, 112, 500, 132),
 (500, 333, 46, 295, 89, 333),
 (500, 500, 3, 4, 500, 228),
 (333, 500, 0, 0, 331, 500),
 (1024, 683, 0, 0, 1023, 398),
 (500, 333, 368, 0, 500, 140),
 (500, 375, 346, 185, 500, 363),
 (500, 333, 397, 0, 473, 23),
 (500, 333, 0, 1, 70, 163),
 (500, 328, 136, 255, 396, 328),
 (332, 500, 1, 0, 330, 78),
 (500, 375, 0, 167, 499, 223),
 (500, 375, 181, 0, 223, 42),
 (375, 500, 0, 83, 41, 144),
 (500, 331, 0, 23, 29, 233),
 (333, 500, 0, 252, 92, 499),
 (500, 333, 325, 0, 393, 97),
 (331, 500, 0, 252, 75, 288),
 (375, 500, 260, 62, 375, 322),
 (325, 500, 300, 219, 325, 309),
 (800, 600, 0, 402, 98, 600),
 (500, 375, 0, 8, 495, 130),
 (336, 448, 320, 0, 335, 433),
 (375, 500, 0, 172, 374, 257),
 (500, 375, 1, 113, 421, 375),
 (1024, 640, 0, 18, 364, 525),
 (375, 500, 0, 80, 56, 224),
 (500, 375, 400, 0, 498, 122),
 (500, 375, 71, 154, 463, 375),
 (500, 333, 41, 0, 501, 332),
 (500, 375, 76, 253, 330, 375),
 (500, 375, 262, 235, 500, 375),
 (1024, 681, 0, 324, 317, 444),
 (500, 334, 1, 0, 501, 280),
 (500, 281, 0, 172, 164, 280),
 (500, 333, 0, 0, 231, 333),
 (333, 500, 167, 456, 247, 500),
 (374, 500, 0, 0, 374, 500),
 (480, 312, 0, 10, 480, 112),
 (500, 333, 0, 1, 476, 11),
 (500, 333, 110, 209, 420, 333),
 (500, 375, 221, 3, 500, 155),
 (500, 381, 0, 77, 364, 379),
 (500, 280, 241, 1, 500, 160),
 (500, 313, 0, 156, 72, 232),
 (500, 332, 97, 3, 372, 332),
 (375, 500, 44, 0, 240, 351),
 (500, 300, 0, 162, 499, 182),
 (500, 375, 0, 329, 500, 375),
 (500, 333, 0, 93, 113, 128),
 (500, 375, 0, 119, 499, 374),
 (640, 480, 0, 0, 640, 352),
 (375, 500, 0, 0, 343, 500),
 (500, 375, 56, 153, 438, 375),
 (500, 333, 0, 7, 483, 333),
 (500, 375, 0, 0, 107, 13),
 (374, 500, 273, 0, 374, 156),
 (500, 375, 0, 227, 111, 307),
 (500, 333, 1, 119, 498, 333),
 (768, 1024, 0, 821, 282, 1019),
 (500, 375, 0, 113, 36, 188),
 (333, 500, 0, 267, 57, 300),
 (333, 500, 254, 87, 333, 273),
 (500, 500, 0, 118, 499, 499),
 (800, 600, 0, 0, 800, 238),
 (375, 500, 1, 0, 374, 169),
 (500, 332, 0, 0, 170, 83),
 (500, 334, 0, 62, 500, 334),
 (801, 534, 0, 1, 797, 209),
 (375, 500, 0, 15, 312, 460),
 (500, 333, 0, 2, 492, 152),
 (500, 332, 88, 227, 345, 332),
 (500, 333, 141, 0, 310, 6),
 (612, 612, 0, 406, 69, 494),
 (500, 375, 204, 72, 500, 374),
 (500, 375, 0, 89, 30, 106),
 (375, 500, 0, 400, 375, 500),
 (500, 375, 0, 239, 223, 353),
 (500, 375, 0, 245, 500, 263),
 (1024, 730, 663, 0, 1024, 230),
 (500, 500, 0, 414, 498, 499),
 (500, 259, 397, 0, 412, 201),
 (500, 333, 489, 267, 501, 333),
 (500, 375, 320, 0, 377, 70),
 (768, 1024, 28, 0, 768, 970),
 (333, 500, 255, 0, 314, 142),
 (300, 400, 36, 37, 285, 400),
 (500, 333, 371, 172, 428, 333),
 (800, 534, 0, 0, 800, 312),
 (500, 333, 429, 0, 499, 333),
 (500, 333, 0, 98, 498, 332),
 (500, 334, 0, 46, 499, 248),
 (375, 500, 0, 418, 220, 498),
 (500, 500, 0, 451, 500, 500),
 (331, 500, 0, 0, 302, 162),
 (357, 500, 0, 200, 68, 405),
 (500, 333, 0, 210, 195, 250),
 (500, 248, 0, 181, 499, 246),
 (375, 500, 0, 278, 8, 291),
 (500, 375, 431, 63, 500, 174),
 (500, 375, 97, 0, 156, 38),
 (500, 375, 3, 0, 136, 139),
 (374, 500, 17, 42, 329, 500),
 (500, 255, 31, 0, 500, 72),
 (500, 335, 0, 15, 414, 326),
 (388, 500, 0, 0, 387, 228),
 (800, 600, 238, 19, 800, 72),
 (500, 375, 0, 133, 497, 375),
 (375, 500, 270, 155, 375, 302),
 (500, 335, 471, 3, 500, 26),
 (500, 333, 0, 92, 500, 160),
 (375, 500, 178, 0, 373, 419),
 (500, 375, 226, 0, 441, 375),
 (500, 333, 92, 0, 217, 41),
 (375, 500, 0, 232, 86, 319),
 (333, 500, 0, 0, 100, 404),
 (500, 329, 0, 0, 500, 165),
 (328, 500, 0, 232, 328, 500),
 (500, 375, 161, 0, 447, 120),
 (800, 600, 0, 375, 219, 598),
 (375, 500, 7, 0, 238, 494),
 (500, 375, 0, 0, 326, 225),
 (500, 375, 0, 207, 33, 217),
 (500, 281, 0, 44, 90, 114),
 (500, 375, 4, 130, 256, 375),
 (500, 375, 160, 0, 223, 84),
 (500, 331, 0, 148, 57, 191),
 (375, 500, 1, 0, 375, 130),
 (500, 277, 0, 154, 497, 274),
 (500, 375, 0, 44, 300, 93),
 (800, 600, 0, 215, 358, 593),
 (500, 375, 410, 159, 500, 198),
 (800, 540, 0, 163, 78, 220),
 (500, 333, 474, 96, 500, 168),
 (500, 375, 0, 222, 489, 375),
 (500, 413, 9, 6, 461, 413),
 (500, 333, 0, 70, 118, 295),
 (500, 333, 0, 239, 317, 330),
 (500, 333, 0, 0, 500, 188),
 (321, 500, 0, 359, 152, 436),
 (500, 331, 231, 103, 419, 331),
 (375, 500, 160, 319, 375, 500),
 (500, 332, 0, 153, 291, 331),
 (500, 334, 231, 0, 471, 331),
 (500, 333, 205, 39, 500, 119),
 (500, 368, 0, 154, 460, 178),
 (500, 333, 391, 0, 499, 112),
 (500, 375, 321, 0, 496, 229),
 (500, 375, 223, 0, 321, 43),
 (500, 375, 1, 120, 151, 375),
 (375, 500, 0, 3, 373, 316),
 (500, 375, 0, 287, 55, 374),
 (500, 375, 365, 57, 500, 208),
 (500, 282, 0, 0, 66, 61),
 (500, 375, 469, 22, 500, 63),
 (1024, 677, 941, 465, 1024, 494),
 (400, 267, 0, 0, 399, 267),
 (500, 375, 368, 353, 389, 375),
 (500, 375, 3, 281, 171, 375),
 (375, 500, 305, 0, 375, 482),
 (333, 500, 0, 397, 132, 499),
 (500, 333, 0, 94, 290, 333),
 (500, 333, 0, 0, 502, 332),
 (500, 375, 428, 0, 467, 85),
 (500, 334, 0, 87, 501, 332),
 (500, 400, 1, 130, 500, 313),
 (500, 331, 2, 1, 499, 331),
 (333, 500, 0, 240, 333, 385),
 (375, 500, 137, 247, 375, 500),
 (500, 375, 144, 287, 440, 375),
 (500, 375, 397, 0, 463, 62),
 (500, 375, 449, 0, 500, 32),
 (375, 500, 0, 176, 67, 243),
 (500, 375, 0, 222, 124, 282),
 (333, 500, 0, 0, 329, 25),
 (500, 332, 0, 31, 500, 308),
 (500, 500, 28, 0, 499, 500),
 (500, 500, 0, 186, 241, 366),
 (500, 375, 3, 153, 500, 374),
 (332, 500, 46, 283, 332, 401),
 (500, 332, 0, 2, 500, 282),
 (500, 375, 2, 1, 500, 137),
 (800, 600, 0, 0, 594, 349),
 (500, 375, 0, 42, 110, 86),
 (500, 281, 35, 126, 500, 280),
 (334, 500, 0, 465, 75, 500),
 (500, 282, 1, 0, 500, 60),
 (352, 288, 0, 85, 23, 170),
 (500, 407, 4, 0, 291, 406),
 (500, 286, 0, 190, 500, 285),
 (500, 333, 257, 145, 468, 333),
 (500, 335, 332, 62, 500, 83),
 (500, 375, 0, 0, 499, 154),
 (500, 333, 380, 0, 430, 39),
 (500, 500, 1, 299, 500, 401),
 (500, 333, 377, 103, 490, 333),
 (500, 333, 0, 243, 38, 297),
 (400, 300, 358, 0, 400, 299),
 (374, 500, 0, 74, 374, 498),
 (500, 375, 400, 221, 453, 375),
 (500, 375, 225, 0, 241, 26),
 (332, 500, 0, 0, 127, 235),
 (500, 333, 2, 170, 500, 333),
 (500, 375, 393, 170, 500, 324),
 (450, 300, 0, 91, 42, 168),
 (500, 357, 2, 2, 497, 357),
 (500, 375, 475, 104, 500, 120),
 (375, 500, 0, 266, 174, 331),
 (500, 375, 422, 14, 500, 132),
 (500, 375, 26, 209, 117, 375),
 (500, 334, 115, 231, 277, 334),
 (1024, 768, 117, 0, 333, 92),
 (500, 377, 12, 0, 419, 91),
 (500, 375, 0, 59, 501, 246),
 (500, 332, 0, 38, 500, 145),
 (333, 500, 192, 450, 245, 500),
 (375, 500, 0, 278, 148, 402),
 (500, 400, 156, 130, 500, 400),
 (500, 375, 0, 40, 417, 126),
 (333, 500, 2, 403, 166, 500),
 (357, 500, 0, 150, 193, 500),
 (500, 500, 159, 371, 500, 500),
 (500, 236, 0, 130, 500, 185),
 (500, 375, 0, 0, 348, 235),
 (500, 311, 0, 43, 82, 95),
 (500, 375, 0, 0, 302, 235),
 (500, 375, 130, 0, 180, 42),
 (500, 332, 0, 0, 369, 267),
 (375, 500, 4, 355, 374, 500),
 (500, 333, 0, 157, 98, 227),
 (1024, 612, 747, 0, 1020, 457),
 (389, 500, 0, 240, 211, 499),
 (500, 333, 0, 26, 500, 118),
 (335, 500, 0, 404, 236, 500),
 (375, 500, 0, 302, 116, 336),
 (500, 281, 16, 60, 500, 280),
 (331, 500, 0, 200, 331, 493),
 (500, 360, 353, 0, 497, 117),
 (500, 315, 462, 0, 483, 80),
 (500, 281, 0, 165, 388, 279),
 (500, 333, 0, 0, 370, 80),
 (500, 327, 7, 0, 189, 261),
 (500, 333, 0, 14, 239, 192),
 (500, 333, 3, 213, 500, 333),
 (375, 500, 0, 291, 374, 386),
 (375, 500, 0, 14, 375, 92),
 (500, 500, 410, 196, 500, 349),
 (500, 332, 0, 56, 266, 180),
 (500, 333, 0, 2, 500, 280),
 (500, 333, 139, 0, 218, 123),
 (500, 334, 0, 182, 500, 248),
 (500, 353, 0, 0, 498, 170),
 (334, 500, 83, 0, 196, 133),
 (333, 500, 0, 71, 244, 500),
 (375, 500, 50, 0, 230, 103),
 (500, 333, 0, 271, 131, 309),
 (375, 500, 84, 0, 163, 40),
 (500, 299, 0, 2, 499, 297),
 (500, 375, 1, 0, 77, 375),
 (500, 375, 0, 175, 58, 194),
 (500, 359, 0, 191, 498, 357),
 (500, 335, 0, 251, 73, 335),
 (500, 324, 435, 178, 500, 324),
 (303, 500, 269, 137, 303, 269),
 (500, 374, 416, 0, 500, 85),
 (500, 281, 1, 163, 500, 279),
 (332, 500, 0, 178, 333, 501),
 (500, 281, 0, 182, 500, 281),
 (500, 375, 4, 0, 48, 119),
 (500, 333, 249, 0, 337, 125),
 (333, 500, 0, 0, 333, 203),
 (500, 375, 0, 8, 34, 156),
 (500, 500, 280, 301, 500, 391),
 (349, 500, 0, 1, 349, 82),
 (500, 281, 148, 0, 425, 55),
 (500, 318, 0, 108, 500, 318),
 (500, 375, 36, 347, 153, 375),
 (500, 482, 266, 15, 500, 340),
 (500, 500, 141, 120, 361, 500),
 (800, 531, 0, 357, 622, 424),
 (500, 375, 111, 0, 500, 265),
 (500, 375, 31, 0, 496, 325),
 (500, 375, 0, 143, 192, 366),
 (500, 326, 0, 113, 500, 326),
 (600, 800, 482, 0, 600, 564),
 (500, 210, 335, 116, 499, 210),
 (500, 319, 0, 223, 491, 314),
 (333, 500, 0, 241, 332, 498),
 (800, 600, 334, 416, 521, 600),
 (500, 374, 0, 141, 499, 372),
 (500, 375, 120, 0, 350, 374),
 (500, 375, 0, 162, 101, 237),
 (375, 500, 88, 0, 167, 88),
 (374, 500, 0, 359, 292, 500),
 (500, 375, 0, 132, 129, 372),
 (500, 375, 0, 116, 499, 374),
 (500, 375, 0, 77, 40, 130),
 (500, 334, 1, 129, 500, 148),
 (500, 334, 0, 28, 215, 145),
 (500, 313, 0, 15, 500, 140),
 (1024, 768, 0, 586, 1021, 768),
 (500, 335, 0, 168, 40, 201),
 (333, 500, 190, 0, 332, 181),
 (500, 332, 386, 205, 500, 332),
 (500, 333, 322, 0, 485, 209),
 (375, 500, 246, 0, 275, 103),
 (500, 333, 3, 0, 126, 203),
 (1024, 768, 0, 128, 880, 400),
 (800, 600, 673, 4, 746, 600),
 (500, 375, 2, 267, 497, 375),
 (375, 500, 2, 334, 374, 500),
 (500, 333, 0, 145, 458, 333),
 (500, 421, 0, 0, 499, 419),
 (1024, 683, 343, 0, 827, 683),
 (476, 500, 0, 75, 475, 433),
 (500, 375, 55, 0, 371, 156),
 (500, 500, 0, 289, 500, 500),
 (500, 375, 0, 194, 141, 375),
 (500, 245, 0, 0, 499, 245),
 (500, 333, 292, 238, 493, 333),
 (500, 413, 0, 165, 123, 256),
 (800, 600, 0, 229, 795, 599),
 (500, 333, 371, 75, 500, 166),
 (500, 375, 0, 75, 72, 261),
 (500, 375, 0, 130, 209, 176),
 (500, 357, 0, 2, 499, 353),
 (500, 375, 372, 0, 496, 372),
 (375, 500, 0, 122, 376, 497),
 (500, 375, 0, 149, 183, 374),
 (375, 500, 0, 1, 375, 359),
 (348, 500, 0, 325, 48, 457),
 (500, 333, 90, 0, 145, 69),
 (500, 334, 0, 0, 499, 332),
 (333, 500, 5, 0, 327, 495),
 (499, 500, 1, 1, 496, 500),
 (375, 500, 234, 0, 368, 477),
 (333, 500, 0, 162, 333, 497),
 (500, 332, 0, 1, 498, 331),
 (500, 333, 348, 65, 499, 333),
 (500, 375, 403, 0, 428, 130),
 (375, 500, 104, 320, 375, 500),
 (500, 333, 64, 0, 439, 140),
 (500, 299, 55, 0, 123, 44),
 (1024, 768, 426, 577, 491, 768),
 (375, 500, 0, 169, 87, 219),
 (500, 375, 403, 297, 500, 374),
 (500, 333, 0, 299, 72, 319),
 (500, 281, 0, 2, 498, 279),
 (500, 333, 0, 101, 47, 278),
 (500, 333, 247, 0, 261, 18),
 (500, 375, 0, 227, 333, 373),
 (500, 375, 324, 163, 500, 275),
 (500, 375, 184, 329, 298, 375),
 (500, 333, 396, 39, 500, 113),
 (500, 333, 0, 143, 499, 331),
 (500, 375, 397, 312, 470, 375),
 (375, 500, 0, 0, 374, 220),
 (500, 375, 0, 129, 135, 206),
 (500, 381, 351, 0, 411, 380),
 (500, 333, 0, 73, 40, 333),
 (336, 343, 0, 0, 334, 339),
 (500, 375, 119, 0, 149, 46),
 (332, 500, 36, 0, 256, 291),
 (500, 334, 0, 169, 53, 190),
 (500, 375, 0, 109, 85, 169),
 (375, 500, 0, 53, 34, 91),
 (480, 360, 415, 218, 480, 358),
 (500, 374, 0, 224, 179, 294),
 (375, 500, 176, 0, 220, 105),
 (500, 500, 0, 216, 499, 484),
 (500, 374, 3, 251, 491, 374),
 (500, 333, 0, 0, 501, 166),
 (500, 489, 7, 0, 212, 294),
 (1024, 678, 756, 447, 1025, 678),
 (500, 458, 4, 0, 209, 254),
 (375, 500, 343, 151, 375, 272),
 (500, 333, 0, 0, 209, 239),
 (500, 400, 0, 142, 136, 400),
 (500, 333, 0, 242, 501, 332),
 (375, 500, 38, 151, 319, 500),
 (500, 335, 0, 1, 497, 331),
 (500, 333, 0, 178, 499, 333),
 (500, 333, 0, 88, 500, 236),
 (500, 322, 0, 16, 222, 194),
 (500, 375, 394, 2, 500, 180),
 (500, 333, 0, 281, 500, 332),
 (332, 500, 0, 199, 331, 498),
 (500, 374, 297, 191, 409, 374),
 (333, 500, 258, 473, 281, 500),
 (500, 332, 0, 91, 16, 127),
 (461, 500, 0, 341, 112, 353),
 (500, 375, 0, 104, 163, 193),
 (320, 500, 209, 0, 299, 266),
 (333, 500, 0, 306, 275, 498),
 (500, 331, 0, 0, 120, 62),
 (500, 375, 0, 72, 501, 137),
 (500, 375, 0, 311, 64, 339),
 (500, 375, 451, 12, 500, 84),
 (500, 375, 374, 126, 499, 375),
 (1024, 680, 461, 0, 1024, 449),
 (500, 334, 394, 117, 500, 218),
 (500, 375, 0, 0, 121, 99),
 (375, 500, 351, 137, 375, 170),
 (500, 333, 0, 255, 499, 333),
 (500, 387, 0, 125, 187, 166),
 (500, 375, 0, 2, 500, 309),
 (500, 281, 410, 68, 500, 117),
 (375, 500, 0, 54, 375, 454),
 (1024, 768, 896, 369, 1024, 767),
 (800, 600, 411, 0, 762, 207),
 (333, 500, 0, 163, 78, 258),
 (500, 333, 201, 0, 366, 213),
 (500, 374, 206, 0, 426, 151),
 (500, 333, 0, 1, 499, 97),
 (500, 375, 413, 158, 500, 232),
 (800, 600, 25, 513, 73, 600),
 (500, 324, 0, 107, 499, 179),
 (500, 375, 276, 0, 342, 117),
 (500, 317, 0, 0, 500, 298),
 (500, 375, 0, 168, 70, 289),
 (375, 500, 74, 34, 304, 500),
 (500, 333, 208, 39, 300, 333),
 (500, 375, 0, 0, 73, 375),
 (333, 500, 10, 1, 333, 82),
 (600, 800, 0, 375, 600, 800),
 (500, 333, 0, 32, 499, 224),
 (500, 331, 0, 59, 499, 331),
 (320, 238, 166, 141, 260, 238),
 (500, 371, 0, 248, 119, 369),
 (500, 500, 0, 34, 500, 500),
 (1024, 768, 0, 247, 116, 448),
 (500, 332, 2, 0, 210, 331),
 (500, 360, 169, 337, 183, 360),
 (375, 500, 127, 276, 375, 378),
 (500, 332, 0, 113, 112, 262),
 (400, 500, 0, 162, 12, 175),
 (500, 375, 1, 0, 497, 115),
 (800, 600, 0, 259, 334, 281),
 (500, 235, 16, 0, 192, 63),
 (500, 333, 0, 0, 499, 301),
 (500, 220, 0, 104, 499, 219),
 (500, 375, 255, 0, 316, 37),
 (351, 500, 13, 0, 338, 225),
 (500, 332, 0, 69, 17, 110),
 (500, 333, 0, 39, 95, 62),
 (500, 374, 0, 62, 500, 374),
 (500, 372, 369, 0, 473, 53),
 (333, 500, 0, 465, 131, 499),
 (500, 333, 0, 58, 90, 330),
 (500, 340, 1, 0, 499, 339),
 (800, 529, 434, 0, 468, 178),
 (500, 333, 390, 0, 500, 91),
 (500, 375, 0, 71, 202, 351),
 (375, 500, 68, 259, 237, 500),
 (500, 333, 4, 0, 496, 15),
 (500, 336, 2, 3, 497, 336),
 (332, 500, 88, 0, 332, 499),
 (500, 328, 38, 302, 63, 328),
 (500, 333, 232, 0, 396, 72),
 (500, 374, 441, 181, 500, 374),
 (500, 375, 276, 0, 499, 151),
 (1024, 768, 2, 1, 1024, 767),
 (375, 500, 233, 87, 375, 499),
 (768, 1024, 77, 0, 571, 840),
 (375, 500, 354, 200, 375, 321),
 (500, 333, 0, 88, 228, 333),
 (500, 333, 0, 183, 501, 332),
 (500, 310, 0, 46, 105, 61),
 (500, 281, 0, 3, 500, 207),
 (500, 333, 409, 182, 500, 322),
 (500, 400, 0, 0, 220, 329),
 (500, 375, 388, 0, 454, 12),
 (500, 375, 0, 139, 413, 254),
 (500, 375, 65, 0, 212, 123),
 (500, 375, 0, 0, 137, 217),
 (500, 375, 295, 256, 500, 372),
 (334, 500, 0, 0, 334, 422),
 (500, 331, 0, 60, 500, 330),
 (500, 338, 59, 0, 240, 166),
 (500, 333, 167, 277, 218, 333),
 (394, 500, 0, 283, 36, 349),
 (500, 334, 2, 225, 499, 334),
 (500, 375, 2, 0, 114, 113),
 (333, 500, 0, 140, 106, 201),
 (500, 333, 59, 132, 365, 333),
 (500, 334, 0, 10, 499, 207),
 (500, 333, 0, 234, 48, 331),
 (500, 334, 282, 0, 307, 152),
 (500, 500, 0, 281, 228, 439),
 (500, 332, 0, 6, 500, 148),
 (800, 600, 660, 301, 800, 445),
 (500, 331, 172, 210, 501, 331),
 (333, 500, 0, 0, 332, 359),
 (500, 333, 461, 172, 500, 188),
 (500, 353, 0, 171, 118, 352),
 (1024, 768, 0, 485, 237, 660),
 (375, 500, 290, 240, 375, 311),
 (500, 322, 0, 108, 259, 277),
 (500, 299, 118, 136, 500, 174),
 (500, 246, 0, 0, 81, 218),
 (500, 390, 407, 171, 500, 232),
 (500, 375, 229, 0, 469, 45),
 (500, 375, 321, 132, 500, 375),
 (542, 801, 365, 41, 542, 189),
 (500, 333, 0, 0, 129, 238),
 (500, 333, 0, 39, 17, 54),
 (800, 600, 372, 377, 800, 543),
 (500, 313, 0, 22, 33, 61),
 (500, 331, 451, 267, 500, 330),
 (640, 480, 0, 217, 640, 479),
 (500, 392, 125, 0, 140, 15),
 (1024, 676, 467, 408, 1024, 632),
 (500, 500, 0, 101, 201, 501),
 (375, 500, 24, 0, 53, 266),
 (1024, 677, 0, 214, 80, 390),
 (333, 500, 0, 308, 169, 328),
 (500, 375, 0, 172, 74, 264),
 (1024, 768, 0, 354, 907, 768),
 (500, 375, 0, 196, 110, 373),
 (500, 375, 247, 0, 324, 101),
 (281, 500, 0, 0, 282, 417),
 (500, 333, 381, 0, 482, 86),
 (300, 500, 0, 0, 300, 226),
 (1024, 768, 584, 0, 778, 289),
 (500, 331, 312, 0, 500, 108),
 (500, 333, 0, 180, 102, 216),
 (500, 172, 23, 0, 46, 112),
 (500, 375, 0, 86, 500, 375),
 (500, 500, 0, 365, 77, 421),
 (376, 500, 176, 217, 376, 349),
 (500, 334, 0, 0, 202, 191),
 (375, 500, 2, 0, 75, 447),
 (375, 500, 10, 79, 375, 351),
 (1024, 768, 0, 152, 165, 767),
 (500, 281, 0, 58, 75, 127),
 (500, 375, 6, 1, 500, 69),
 (500, 375, 0, 151, 89, 195),
 (500, 375, 180, 134, 305, 375),
 (333, 500, 0, 225, 333, 471),
 (333, 500, 0, 0, 205, 321),
 (500, 339, 175, 220, 292, 339),
 (500, 333, 316, 0, 374, 70),
 (500, 331, 0, 219, 75, 331),
 (737, 553, 446, 0, 513, 297),
 (500, 357, 0, 59, 88, 129),
 (1024, 685, 908, 540, 1024, 685),
 (500, 375, 0, 106, 123, 223),
 (500, 324, 403, 0, 418, 42),
 (500, 500, 0, 369, 497, 499),
 (500, 345, 0, 29, 44, 131),
 (333, 500, 0, 49, 157, 138),
 (500, 375, 0, 97, 117, 374),
 (800, 600, 0, 341, 800, 550),
 (500, 375, 246, 37, 376, 375),
 (333, 500, 0, 233, 333, 500),
 (375, 500, 0, 275, 176, 302),
 (500, 276, 173, 202, 367, 276),
 (375, 500, 0, 1, 358, 475),
 (500, 375, 239, 0, 407, 323),
 (800, 600, 0, 0, 799, 317),
 (800, 600, 757, 188, 800, 289),
 (500, 375, 0, 26, 38, 144),
 (375, 500, 227, 197, 375, 495),
 (333, 500, 0, 42, 329, 312),
 (333, 500, 0, 363, 332, 499),
 (500, 375, 1, 0, 474, 372),
 (375, 500, 0, 313, 146, 472),
 (500, 333, 0, 220, 500, 275),
 (500, 375, 0, 104, 77, 286),
 (500, 375, 0, 1, 372, 317),
 (500, 375, 0, 155, 66, 374),
 (500, 375, 126, 0, 500, 31),
 (500, 375, 300, 95, 500, 374),
 (500, 375, 290, 196, 399, 375),
 (500, 333, 182, 267, 231, 333),
 (500, 375, 41, 95, 500, 288),
 (334, 500, 0, 161, 45, 206),
 (500, 333, 42, 1, 499, 333),
 (500, 333, 0, 0, 99, 101),
 (500, 335, 22, 0, 103, 88),
 (333, 500, 241, 111, 333, 207),
 (500, 334, 0, 110, 499, 334),
 (500, 375, 102, 0, 500, 305),
 (500, 333, 0, 181, 55, 217),
 (500, 334, 302, 267, 348, 334),
 (500, 318, 0, 130, 34, 192),
 (333, 500, 170, 0, 210, 16),
 (612, 612, 108, 0, 124, 48),
 (600, 800, 44, 550, 600, 800),
 (333, 500, 0, 336, 59, 402),
 (500, 375, 0, 0, 389, 268),
 (500, 333, 51, 0, 501, 333),
 (500, 375, 0, 58, 461, 319),
 (368, 500, 78, 0, 89, 193),
 (500, 333, 0, 0, 500, 152),
 (1024, 732, 416, 42, 781, 732),
 (500, 342, 0, 77, 30, 148),
 (375, 500, 0, 182, 64, 297),
 (500, 333, 90, 0, 182, 250),
 (333, 500, 0, 288, 333, 487),
 (500, 375, 0, 29, 178, 171),
 (333, 500, 150, 2, 333, 244),
 (500, 334, 0, 62, 498, 332),
 (500, 333, 0, 1, 84, 140),
 (500, 375, 3, 211, 41, 375),
 (331, 500, 96, 482, 132, 500),
 (500, 375, 383, 0, 500, 375),
 (500, 313, 0, 97, 309, 244),
 (500, 375, 0, 244, 495, 306),
 (333, 500, 0, 68, 333, 500),
 (800, 600, 0, 513, 792, 566),
 (500, 375, 331, 0, 390, 181),
 (500, 333, 140, 0, 222, 63),
 (500, 321, 1, 0, 204, 204),
 (333, 500, 0, 354, 330, 499),
 (366, 500, 1, 2, 364, 500),
 (500, 375, 19, 28, 227, 375),
 (500, 375, 353, 302, 500, 375),
 (500, 375, 133, 104, 473, 375),
 (500, 333, 0, 6, 412, 87),
 (500, 375, 1, 0, 499, 130),
 (500, 375, 1, 312, 139, 375),
 (500, 357, 4, 27, 500, 163),
 (332, 500, 26, 206, 332, 499),
 (500, 334, 0, 19, 500, 332),
 (500, 375, 353, 310, 406, 375),
 (500, 332, 0, 130, 500, 331),
 (500, 375, 0, 157, 175, 286),
 (335, 500, 116, 181, 190, 500),
 (500, 332, 0, 127, 22, 172),
 (500, 281, 436, 1, 500, 281),
 (500, 334, 346, 0, 498, 182),
 (500, 386, 449, 1, 500, 116),
 (500, 333, 0, 196, 20, 222),
 (500, 500, 80, 0, 502, 174),
 (500, 375, 0, 102, 191, 156),
 (375, 500, 0, 383, 29, 420),
 (281, 500, 56, 240, 192, 500),
 (375, 500, 0, 188, 49, 245),
 (500, 375, 0, 279, 317, 374),
 (286, 500, 0, 135, 135, 438),
 (372, 500, 0, 255, 43, 303),
 (500, 375, 329, 0, 461, 73),
 (500, 333, 0, 84, 110, 141),
 (500, 375, 439, 216, 500, 232),
 (800, 600, 0, 0, 798, 467),
 (500, 375, 274, 0, 405, 320),
 (375, 500, 158, 83, 375, 225),
 (500, 333, 434, 184, 500, 333),
 (500, 350, 0, 0, 423, 41),
 (500, 375, 0, 232, 64, 252),
 (500, 375, 358, 158, 495, 375),
 (500, 331, 0, 113, 113, 267),
 (800, 600, 446, 0, 800, 593),
 (500, 500, 0, 282, 151, 404),
 (500, 375, 395, 179, 500, 264),
 (500, 375, 0, 58, 14, 84),
 (375, 500, 204, 281, 375, 431),
 (500, 375, 133, 225, 500, 375),
 (500, 375, 0, 282, 500, 372),
 (500, 375, 0, 282, 499, 374),
 (333, 500, 3, 0, 292, 96),
 (500, 375, 0, 1, 499, 105),
 (500, 500, 55, 0, 294, 66),
 (500, 450, 2, 218, 320, 450),
 (500, 333, 96, 264, 285, 333),
 (500, 333, 200, 257, 500, 333),
 (500, 333, 1, 254, 364, 333),
 (500, 334, 0, 67, 278, 231),
 (500, 333, 360, 230, 499, 333),
 (500, 322, 260, 136, 500, 218),
 (500, 375, 339, 0, 412, 65),
 (500, 333, 0, 0, 498, 45),
 (800, 600, 0, 58, 142, 406),
 (500, 332, 315, 0, 499, 317),
 (500, 375, 0, 267, 168, 295),
 (500, 374, 3, 0, 499, 79),
 (500, 500, 6, 233, 499, 500),
 (500, 333, 393, 179, 499, 333),
 (333, 500, 231, 382, 332, 500),
 (375, 500, 0, 90, 12, 122),
 (350, 263, 0, 231, 349, 262),
 (500, 375, 1, 2, 198, 375),
 (337, 500, 0, 1, 78, 129),
 (375, 500, 0, 165, 121, 491),
 (500, 317, 1, 43, 500, 121),
 (500, 375, 196, 0, 208, 52),
 (500, 375, 317, 0, 499, 373),
 (375, 500, 225, 0, 374, 182),
 (212, 500, 114, 464, 211, 500),
 (500, 333, 180, 0, 355, 12),
 (500, 400, 0, 0, 142, 142),
 (500, 376, 0, 172, 91, 252),
 (333, 500, 202, 302, 333, 500),
 (800, 600, 606, 0, 686, 50),
 (500, 332, 140, 0, 175, 165),
 (500, 375, 33, 65, 500, 373),
 (500, 332, 0, 282, 497, 332),
 (500, 333, 410, 1, 500, 171),
 (333, 500, 65, 0, 119, 26),
 (323, 500, 0, 303, 322, 497),
 (500, 333, 0, 0, 464, 117),
 (500, 375, 222, 0, 416, 201),
 (500, 366, 170, 0, 251, 71),
 (455, 500, 248, 143, 395, 500),
 (500, 375, 35, 107, 500, 242),
 (500, 375, 414, 0, 491, 227),
 (500, 375, 236, 42, 485, 375),
 (500, 333, 0, 71, 248, 332),
 (500, 375, 0, 76, 500, 373),
 (1024, 768, 884, 256, 1024, 368),
 (500, 333, 0, 196, 500, 240),
 (388, 500, 0, 305, 382, 500),
 (500, 333, 1, 0, 501, 136),
 (373, 500, 183, 1, 373, 379),
 (500, 375, 1, 168, 248, 375),
 (1024, 682, 0, 385, 214, 682),
 (1024, 768, 0, 378, 1022, 757),
 (500, 375, 451, 100, 500, 162),
 (500, 333, 82, 206, 378, 333),
 (500, 333, 0, 4, 498, 139),
 (375, 500, 0, 140, 239, 224),
 (500, 273, 0, 164, 499, 258),
 (500, 332, 0, 0, 499, 170),
 (500, 375, 0, 309, 499, 375),
 (500, 375, 0, 304, 109, 374),
 (500, 500, 415, 339, 500, 463),
 (500, 250, 0, 101, 499, 250),
 (500, 344, 64, 63, 405, 344),
 (500, 332, 21, 46, 394, 332),
 (500, 375, 376, 0, 415, 35),
 (375, 500, 0, 305, 158, 496),
 (500, 333, 0, 55, 432, 330),
 (328, 500, 135, 0, 190, 190),
 (500, 322, 1, 228, 500, 322),
 (500, 291, 0, 65, 500, 146),
 (800, 608, 0, 84, 243, 608),
 (500, 333, 170, 0, 217, 178),
 (800, 600, 0, 309, 798, 599),
 (500, 333, 1, 0, 43, 242),
 (500, 376, 151, 0, 261, 135),
 (500, 375, 166, 320, 222, 375),
 (432, 576, 305, 0, 432, 576),
 (500, 333, 34, 241, 72, 333),
 (500, 333, 93, 0, 497, 333),
 (512, 390, 0, 25, 117, 132),
 (500, 333, 0, 250, 501, 333),
 (333, 500, 0, 0, 333, 239),
 (500, 309, 391, 0, 397, 94),
 (500, 306, 445, 227, 500, 267),
 (500, 334, 0, 0, 398, 157),
 (333, 500, 0, 2, 332, 242),
 (500, 332, 89, 0, 451, 127),
 (500, 332, 0, 53, 97, 102),
 (500, 375, 0, 124, 500, 266),
 (500, 334, 0, 246, 500, 334),
 (500, 375, 0, 0, 99, 329),
 (500, 333, 1, 0, 218, 194),
 (500, 333, 0, 184, 262, 333),
 (333, 500, 0, 286, 72, 435),
 (375, 500, 116, 0, 143, 69),
 (500, 333, 0, 138, 500, 333),
 (375, 500, 118, 279, 325, 500),
 (500, 333, 6, 271, 24, 333),
 (498, 500, 314, 120, 498, 258),
 (500, 360, 0, 141, 185, 323),
 (500, 333, 0, 256, 498, 330),
 (500, 334, 0, 203, 499, 334),
 (500, 351, 0, 225, 205, 284),
 (500, 277, 0, 177, 497, 277),
 (375, 500, 0, 0, 375, 487),
 (500, 375, 314, 0, 426, 96),
 (375, 500, 0, 1, 287, 398),
 (500, 333, 0, 230, 37, 257),
 (500, 375, 449, 107, 500, 373),
 (500, 347, 0, 111, 500, 202),
 (375, 500, 246, 347, 375, 458),
 (1024, 569, 0, 262, 107, 568),
 (500, 375, 226, 0, 327, 241),
 (500, 281, 0, 1, 497, 245),
 (500, 320, 0, 0, 499, 174),
 (1024, 768, 0, 623, 167, 769),
 (500, 375, 126, 0, 201, 219),
 (500, 334, 0, 162, 500, 270),
 (500, 342, 0, 275, 500, 339),
 (373, 500, 162, 350, 373, 500),
 (500, 333, 0, 103, 272, 191),
 (500, 357, 373, 40, 500, 357),
 (500, 375, 0, 1, 21, 93),
 (500, 332, 0, 238, 90, 291),
 (500, 375, 0, 251, 117, 372),
 (500, 375, 0, 126, 94, 176),
 (500, 375, 0, 0, 193, 211),
 (500, 281, 376, 0, 484, 67),
 (500, 332, 0, 0, 500, 115),
 (800, 600, 0, 289, 207, 418),
 (500, 333, 150, 0, 173, 263),
 (500, 375, 0, 0, 445, 172),
 (500, 333, 0, 203, 90, 256),
 (600, 800, 0, 448, 599, 466),
 (309, 500, 22, 423, 79, 500),
 (375, 500, 273, 440, 375, 499),
 (500, 329, 2, 257, 500, 276),
 (375, 500, 0, 0, 341, 139),
 (500, 375, 161, 97, 339, 375),
 (500, 332, 344, 239, 498, 332),
 (500, 375, 2, 2, 145, 375),
 (313, 500, 16, 246, 306, 500),
 (500, 334, 0, 155, 499, 332),
 (500, 386, 0, 231, 500, 386),
 (333, 500, 0, 0, 198, 94),
 (500, 333, 0, 208, 499, 332),
 (500, 333, 0, 132, 197, 296),
 (1000, 667, 275, 336, 520, 667),
 (500, 375, 0, 285, 36, 318),
 (375, 500, 1, 0, 104, 469),
 (500, 375, 319, 0, 500, 198),
 (500, 333, 134, 319, 193, 333),
 (333, 500, 0, 52, 218, 500),
 (500, 333, 485, 190, 500, 207),
 (375, 500, 0, 168, 343, 499),
 (500, 375, 391, 0, 500, 83),
 (500, 334, 226, 22, 500, 211),
 (500, 332, 0, 204, 29, 266),
 (500, 333, 433, 1, 500, 182),
 (500, 333, 0, 1, 498, 174),
 (429, 500, 0, 368, 151, 500),
 (500, 375, 322, 231, 346, 375),
 (500, 361, 0, 254, 51, 356),
 (500, 376, 0, 96, 87, 126),
 (800, 600, 0, 223, 214, 358),
 (363, 500, 0, 0, 363, 418),
 (375, 500, 116, 207, 375, 301),
 (500, 333, 363, 0, 461, 34),
 (500, 500, 218, 385, 313, 500),
 (333, 500, 1, 226, 330, 500),
 (500, 375, 388, 246, 500, 374),
 (1024, 576, 569, 388, 908, 576),
 (500, 375, 133, 198, 322, 375),
 (500, 401, 91, 0, 117, 256),
 (446, 500, 12, 421, 126, 500),
 (500, 375, 309, 0, 349, 110),
 (500, 338, 256, 0, 293, 54),
 (500, 375, 177, 316, 258, 375),
 (500, 333, 0, 5, 38, 168),
 (492, 500, 1, 184, 492, 499),
 (500, 394, 370, 53, 500, 233),
 (500, 333, 35, 39, 500, 331),
 (333, 500, 0, 122, 183, 169),
 (500, 375, 334, 42, 500, 312),
 (500, 500, 57, 85, 500, 439),
 (333, 500, 0, 274, 132, 453),
 (500, 375, 0, 3, 333, 263),
 (377, 500, 4, 193, 377, 500),
 (768, 1024, 618, 777, 768, 823),
 (500, 287, 0, 98, 135, 206),
 (500, 375, 404, 149, 500, 245),
 (500, 312, 0, 246, 499, 311),
 (375, 500, 0, 108, 51, 170),
 (500, 333, 0, 0, 501, 130),
 (400, 300, 0, 0, 399, 101),
 (363, 500, 5, 0, 239, 215),
 (500, 338, 183, 0, 411, 129),
 (500, 333, 135, 1, 369, 333),
 (490, 500, 200, 0, 234, 117),
 (500, 333, 0, 2, 448, 277),
 (500, 333, 0, 73, 123, 124),
 (375, 500, 345, 271, 375, 297),
 (375, 500, 316, 0, 337, 235),
 (500, 376, 21, 253, 499, 376),
 (500, 375, 295, 247, 499, 375),
 (490, 500, 0, 1, 227, 312),
 (500, 333, 6, 193, 129, 333),
 (500, 332, 243, 0, 258, 15),
 (333, 500, 0, 22, 333, 230),
 (500, 375, 0, 0, 480, 252),
 (500, 375, 0, 0, 498, 216),
 (500, 360, 0, 60, 90, 120),
 (335, 500, 0, 1, 335, 126),
 (500, 258, 0, 188, 499, 257),
 (500, 327, 0, 42, 102, 234),
 (1024, 680, 566, 0, 771, 141),
 (500, 375, 109, 0, 476, 372),
 (500, 334, 270, 267, 500, 334),
 (500, 500, 210, 0, 233, 37),
 (500, 281, 19, 54, 493, 281),
 (320, 240, 199, 3, 321, 240),
 (500, 334, 0, 178, 120, 272),
 (500, 411, 0, 0, 64, 172),
 (400, 500, 274, 408, 400, 500),
 (500, 375, 390, 0, 429, 45),
 (333, 500, 0, 245, 333, 348),
 (500, 281, 0, 229, 497, 281),
 (500, 375, 72, 0, 194, 138),
 (1024, 683, 0, 461, 100, 684),
 (480, 360, 205, 0, 274, 60),
 (319, 500, 0, 401, 94, 500),
 (1024, 683, 0, 281, 1013, 682),
 (800, 534, 0, 353, 102, 423),
 (984, 656, 2, 476, 984, 653),
 (500, 375, 411, 0, 456, 83),
 (500, 333, 0, 199, 419, 332),
 (500, 333, 461, 109, 500, 174),
 (375, 500, 302, 258, 375, 364),
 (500, 375, 190, 0, 287, 270),
 (334, 500, 0, 232, 43, 312),
 (500, 377, 0, 1, 218, 317),
 (500, 335, 303, 0, 499, 213),
 (487, 500, 306, 0, 485, 366),
 (375, 500, 0, 152, 74, 397),
 (500, 370, 435, 103, 500, 232),
 (500, 375, 124, 0, 210, 100),
 (1024, 576, 671, 474, 1010, 576),
 (500, 375, 308, 0, 360, 65),
 (500, 375, 176, 125, 380, 375),
 (375, 500, 87, 164, 375, 498),
 (333, 500, 0, 238, 185, 473),
 (1024, 685, 194, 639, 295, 685),
 (500, 282, 0, 0, 500, 71),
 (768, 1024, 0, 845, 26, 933),
 (500, 333, 0, 0, 279, 232),
 (500, 375, 0, 248, 33, 336),
 (281, 500, 0, 191, 186, 490),
 (500, 375, 0, 0, 333, 99),
 (500, 333, 0, 0, 499, 265),
 (500, 375, 151, 296, 214, 375),
 (500, 328, 0, 0, 499, 108),
 (500, 375, 1, 2, 500, 374),
 (500, 333, 0, 166, 23, 183),
 (500, 326, 0, 215, 47, 274),
 (500, 271, 0, 120, 499, 202),
 (500, 270, 0, 0, 500, 270),
 (500, 332, 0, 1, 451, 153),
 (500, 375, 0, 101, 214, 375),
 (500, 374, 0, 0, 78, 212),
 (500, 300, 232, 171, 358, 300),
 (333, 500, 0, 63, 333, 272),
 (640, 480, 243, 396, 639, 480),
 (500, 333, 477, 168, 500, 207),
 (500, 333, 0, 16, 501, 103),
 (500, 375, 74, 188, 501, 375),
 (500, 333, 33, 0, 500, 101),
 (1024, 730, 884, 408, 1024, 552),
 (500, 332, 423, 0, 488, 279),
 (1024, 768, 0, 66, 320, 390),
 (375, 500, 0, 387, 232, 500),
 (281, 500, 0, 0, 75, 162),
 (500, 331, 314, 0, 430, 35),
 (500, 375, 0, 266, 126, 372),
 (375, 500, 0, 270, 375, 500),
 ...}
 In [6]: 

 In [6]: len(a)
 Out[6]: 207574

